1 2 2 4 4 6 6 6 7 7 9 9 10 13 15 15 15 17 18 25 25 25 27 27 29 29 30 30 30 33 34 42 43 44 46 52 55 63 65 80
1 2 2 3 3 4 4 7 7 7 8 9 10 11 12 12 12 14 15 19 23 24 24 28 30 30 31 31 32 32 40 42 44 46 50 58 62 62 64 85
1 3 3 4 5 6 7 7 9 9 9 10 10 10 13 14 14 16 17 19 19 19 20 20 22 24 29 29 29 38 40 42 45 57 58 59 61 64 69 70  (3000)
2 3 3 5 6 7 7 7 8 9 10 10 12 12 12 12 15 16 18 19 19 21 22 22 22 23 23 26 29 30 32 33 40 44 46 63 70 73 84 85 

2 4 4 5 5 7 8 8 9 10 10 10 12 12 13 15 16 16 18 18 19 20 20 21 21 21 22 23 24 26 37 40 44 47 48 61 63 70 83 88
1069.85 4000

2 2 3 3 4 7 8 8 9 10 13 13 16 17 17 18 18 20 20 20 21 21 21 22 22 23 23 23 26 34 35 36 43 47 48 50 58 59 69 91 
1064.865567 3000

2 3 3 3 5 7 7 7 7 8 9 10 11 12 14 15 16 18 21 23 24 24 25 26 27 27 29 31 33 33 37 37 39 43 50 51 55 56 73 79
1076.60 2000

2 3 3 4 5 8 9 9 10 10 10 11 11 12 12 13 13 15 16 17 17 21 22 24 24 27 28 29 32 34 36 43 46 47 48 53 59 60 64 93 
1090.35 1000

2 3 4 4 4 5 5 5 6 6 8 9 9 11 11 12 13 13 14 14 16 17 19 20 23 23 24 28 30 32 32 33 41 43 64 65 70 73 78 111
1090.47 500

1 1 3 4 4 5 5 5 5 5 6 7 9 10 10 13 14 15 15 18 19 21 23 26 28 29 30 33 35 36 36 36 41 45 48 62 64 65 65 103
1102.65 100
